Player Nikola [GREEN] 
Figure 1[fast,GREEN]  finished: true move time: 40 | Travelled path: [(3,0), (4,0), (5,1), (6,2), (7,3), (7,4), (6,5), (5,6), (4,7), (3,7), (2,6), (1,5), (0,4), (0,3), (1,2), (2,1), (3,1), (4,1), (5,2), (6,3), (6,4), (5,5), (4,6), (3,6), (2,5), (1,4), (1,3), (2,2), (3,2), (4,2), (5,3), (5,4), (4,5), (3,5), (2,4), (2,3), (3,3), (4,3), (4,4), (3,4)]
Figure 2[fast,GREEN]  finished: true move time: 40 | Travelled path: [(3,0), (4,0), (5,1), (6,2), (7,3), (7,4), (6,5), (5,6), (4,7), (3,7), (2,6), (1,5), (0,4), (0,3), (1,2), (2,1), (3,1), (4,1), (5,2), (6,3), (6,4), (5,5), (4,6), (3,6), (2,5), (1,4), (1,3), (2,2), (3,2), (4,2), (5,3), (5,4), (4,5), (3,5), (2,4), (2,3), (3,3), (4,3), (4,4), (3,4)]
Figure 3[fast,GREEN]  finished: false move time: 9 | Travelled path: [(3,0), (4,0), (5,1), (6,2), (7,3), (7,4), (6,5), (5,6), (4,7)]
Figure 4[flying,GREEN]  finished: true move time: 40 | Travelled path: [(3,0), (4,0), (5,1), (6,2), (7,3), (7,4), (6,5), (5,6), (4,7), (3,7), (2,6), (1,5), (0,4), (0,3), (1,2), (2,1), (3,1), (4,1), (5,2), (6,3), (6,4), (5,5), (4,6), (3,6), (2,5), (1,4), (1,3), (2,2), (3,2), (4,2), (5,3), (5,4), (4,5), (3,5), (2,4), (2,3), (3,3), (4,3), (4,4), (3,4)]
Player Jelic [RED] 
Figure 5[flying,RED]  finished: true move time: 40 | Travelled path: [(3,0), (4,0), (5,1), (6,2), (7,3), (7,4), (6,5), (5,6), (4,7), (3,7), (2,6), (1,5), (0,4), (0,3), (1,2), (2,1), (3,1), (4,1), (5,2), (6,3), (6,4), (5,5), (4,6), (3,6), (2,5), (1,4), (1,3), (2,2), (3,2), (4,2), (5,3), (5,4), (4,5), (3,5), (2,4), (2,3), (3,3), (4,3), (4,4), (3,4)]
Figure 6[regular,RED]  finished: false move time: 29 | Travelled path: [(3,0), (4,0), (5,1), (6,2), (7,3), (7,4), (6,5), (5,6), (4,7), (3,7), (2,6), (1,5), (0,4), (0,3), (1,2), (2,1), (3,1), (4,1), (5,2), (6,3), (6,4), (5,5), (4,6), (3,6), (2,5), (1,4), (1,3), (2,2), (3,2)]
Figure 7[flying,RED]  finished: true move time: 40 | Travelled path: [(3,0), (4,0), (5,1), (6,2), (7,3), (7,4), (6,5), (5,6), (4,7), (3,7), (2,6), (1,5), (0,4), (0,3), (1,2), (2,1), (3,1), (4,1), (5,2), (6,3), (6,4), (5,5), (4,6), (3,6), (2,5), (1,4), (1,3), (2,2), (3,2), (4,2), (5,3), (5,4), (4,5), (3,5), (2,4), (2,3), (3,3), (4,3), (4,4), (3,4)]
Figure 8[fast,RED]  finished: true move time: 40 | Travelled path: [(3,0), (4,0), (5,1), (6,2), (7,3), (7,4), (6,5), (5,6), (4,7), (3,7), (2,6), (1,5), (0,4), (0,3), (1,2), (2,1), (3,1), (4,1), (5,2), (6,3), (6,4), (5,5), (4,6), (3,6), (2,5), (1,4), (1,3), (2,2), (3,2), (4,2), (5,3), (5,4), (4,5), (3,5), (2,4), (2,3), (3,3), (4,3), (4,4), (3,4)]
Game duration: 45