Player a [GREEN] 
Figure 1[flying,GREEN]  finished: true move time: 25 | Travelled path: [(3,0), (4,1), (5,2), (6,3), (5,4), (4,5), (3,6), (2,5), (1,4), (0,3), (1,2), (2,1), (3,1), (4,2), (5,3), (4,4), (3,5), (2,4), (1,3), (2,2), (3,2), (4,3), (3,4), (2,3), (3,3)]
Figure 2[fast,GREEN]  finished: true move time: 25 | Travelled path: [(3,0), (4,1), (5,2), (6,3), (5,4), (4,5), (3,6), (2,5), (1,4), (0,3), (1,2), (2,1), (3,1), (4,2), (5,3), (4,4), (3,5), (2,4), (1,3), (2,2), (3,2), (4,3), (3,4), (2,3), (3,3)]
Figure 3[fast,GREEN]  finished: true move time: 25 | Travelled path: [(3,0), (4,1), (5,2), (6,3), (5,4), (4,5), (3,6), (2,5), (1,4), (0,3), (1,2), (2,1), (3,1), (4,2), (5,3), (4,4), (3,5), (2,4), (1,3), (2,2), (3,2), (4,3), (3,4), (2,3), (3,3)]
Figure 4[fast,GREEN]  finished: false move time: 21 | Travelled path: [(3,0), (4,1), (5,2), (6,3), (5,4), (4,5), (3,6), (2,5), (1,4), (0,3), (1,2), (2,1), (3,1), (4,2), (5,3), (4,4), (3,5), (2,4), (1,3), (2,2), (3,2)]
Player d [BLUE] 
Figure 5[fast,BLUE]  finished: true move time: 25 | Travelled path: [(3,0), (4,1), (5,2), (6,3), (5,4), (4,5), (3,6), (2,5), (1,4), (0,3), (1,2), (2,1), (3,1), (4,2), (5,3), (4,4), (3,5), (2,4), (1,3), (2,2), (3,2), (4,3), (3,4), (2,3), (3,3)]
Figure 6[flying,BLUE]  finished: true move time: 25 | Travelled path: [(3,0), (4,1), (5,2), (6,3), (5,4), (4,5), (3,6), (2,5), (1,4), (0,3), (1,2), (2,1), (3,1), (4,2), (5,3), (4,4), (3,5), (2,4), (1,3), (2,2), (3,2), (4,3), (3,4), (2,3), (3,3)]
Figure 7[fast,BLUE]  finished: false move time: 9 | Travelled path: [(3,0), (4,1), (5,2), (6,3), (5,4), (4,5), (3,6), (2,5), (1,4)]
Figure 8[flying,BLUE]  finished: true move time: 25 | Travelled path: [(3,0), (4,1), (5,2), (6,3), (5,4), (4,5), (3,6), (2,5), (1,4), (0,3), (1,2), (2,1), (3,1), (4,2), (5,3), (4,4), (3,5), (2,4), (1,3), (2,2), (3,2), (4,3), (3,4), (2,3), (3,3)]
Game duration: 29