Player a [GREEN] 
Figure 1[flying,GREEN]  finished: true move time: 25 | Travelled path: [(3,0), (4,1), (5,2), (6,3), (5,4), (4,5), (3,6), (2,5), (1,4), (0,3), (1,2), (2,1), (3,1), (4,2), (5,3), (4,4), (3,5), (2,4), (1,3), (2,2), (3,2), (4,3), (3,4), (2,3), (3,3)]
Figure 2[fast,GREEN]  finished: false move time: 20 | Travelled path: [(3,0), (4,1), (5,2), (6,3), (5,4), (4,5), (3,6), (2,5), (1,4), (0,3), (1,2), (2,1), (3,1), (4,2), (5,3), (4,4), (3,5), (2,4), (1,3), (2,2)]
Figure 3[fast,GREEN]  finished: true move time: 25 | Travelled path: [(3,0), (4,1), (5,2), (6,3), (5,4), (4,5), (3,6), (2,5), (1,4), (0,3), (1,2), (2,1), (3,1), (4,2), (5,3), (4,4), (3,5), (2,4), (1,3), (2,2), (3,2), (4,3), (3,4), (2,3), (3,3)]
Figure 4[fast,GREEN]  finished: true move time: 25 | Travelled path: [(3,0), (4,1), (5,2), (6,3), (5,4), (4,5), (3,6), (2,5), (1,4), (0,3), (1,2), (2,1), (3,1), (4,2), (5,3), (4,4), (3,5), (2,4), (1,3), (2,2), (3,2), (4,3), (3,4), (2,3), (3,3)]
Player d [YELLOW] 
Figure 5[regular,YELLOW]  finished: false move time: 3 | Travelled path: [(3,0), (4,1), (5,2)]
Figure 6[flying,YELLOW]  finished: true move time: 25 | Travelled path: [(3,0), (4,1), (5,2), (6,3), (5,4), (4,5), (3,6), (2,5), (1,4), (0,3), (1,2), (2,1), (3,1), (4,2), (5,3), (4,4), (3,5), (2,4), (1,3), (2,2), (3,2), (4,3), (3,4), (2,3), (3,3)]
Figure 7[flying,YELLOW]  finished: true move time: 25 | Travelled path: [(3,0), (4,1), (5,2), (6,3), (5,4), (4,5), (3,6), (2,5), (1,4), (0,3), (1,2), (2,1), (3,1), (4,2), (5,3), (4,4), (3,5), (2,4), (1,3), (2,2), (3,2), (4,3), (3,4), (2,3), (3,3)]
Figure 8[fast,YELLOW]  finished: true move time: 25 | Travelled path: [(3,0), (4,1), (5,2), (6,3), (5,4), (4,5), (3,6), (2,5), (1,4), (0,3), (1,2), (2,1), (3,1), (4,2), (5,3), (4,4), (3,5), (2,4), (1,3), (2,2), (3,2), (4,3), (3,4), (2,3), (3,3)]
Game duration: 29