Player n [BLUE] 
Figure 1[flying,BLUE]  finished: true move time: 25 | Travelled path: [(3,0), (4,1), (5,2), (6,3), (5,4), (4,5), (3,6), (2,5), (1,4), (0,3), (1,2), (2,1), (3,1), (4,2), (5,3), (4,4), (3,5), (2,4), (1,3), (2,2), (3,2), (4,3), (3,4), (2,3), (3,3)]
Figure 2[flying,BLUE]  finished: true move time: 25 | Travelled path: [(3,0), (4,1), (5,2), (6,3), (5,4), (4,5), (3,6), (2,5), (1,4), (0,3), (1,2), (2,1), (3,1), (4,2), (5,3), (4,4), (3,5), (2,4), (1,3), (2,2), (3,2), (4,3), (3,4), (2,3), (3,3)]
Figure 3[flying,BLUE]  finished: true move time: 25 | Travelled path: [(3,0), (4,1), (5,2), (6,3), (5,4), (4,5), (3,6), (2,5), (1,4), (0,3), (1,2), (2,1), (3,1), (4,2), (5,3), (4,4), (3,5), (2,4), (1,3), (2,2), (3,2), (4,3), (3,4), (2,3), (3,3)]
Figure 4[regular,BLUE]  finished: false move time: 2 | Travelled path: [(3,0), (4,1)]
Player a [RED] 
Figure 5[flying,RED]  finished: true move time: 25 | Travelled path: [(3,0), (4,1), (5,2), (6,3), (5,4), (4,5), (3,6), (2,5), (1,4), (0,3), (1,2), (2,1), (3,1), (4,2), (5,3), (4,4), (3,5), (2,4), (1,3), (2,2), (3,2), (4,3), (3,4), (2,3), (3,3)]
Figure 6[regular,RED]  finished: true move time: 25 | Travelled path: [(3,0), (4,1), (5,2), (6,3), (5,4), (4,5), (3,6), (2,5), (1,4), (0,3), (1,2), (2,1), (3,1), (4,2), (5,3), (4,4), (3,5), (2,4), (1,3), (2,2), (3,2), (4,3), (3,4), (2,3), (3,3)]
Figure 7[flying,RED]  finished: true move time: 25 | Travelled path: [(3,0), (4,1), (5,2), (6,3), (5,4), (4,5), (3,6), (2,5), (1,4), (0,3), (1,2), (2,1), (3,1), (4,2), (5,3), (4,4), (3,5), (2,4), (1,3), (2,2), (3,2), (4,3), (3,4), (2,3), (3,3)]
Figure 8[fast,RED]  finished: false move time: 5 | Travelled path: [(3,0), (4,1), (5,2), (6,3), (5,4)]
Game duration: 30