Player n [BLUE] 
Figure 1[regular,BLUE]  finished: true move time: 24 | Travelled path: [(3,0), (4,1), (5,2), (6,3), (5,4), (4,5), (3,6), (2,5), (1,4), (0,3), (1,2), (2,1), (3,1), (4,2), (5,3), (4,4), (3,5), (2,4), (1,3), (2,2), (3,2), (4,3), (3,4), (2,3)]
Figure 2[fast,BLUE]  finished: true move time: 24 | Travelled path: [(3,0), (4,1), (5,2), (6,3), (5,4), (4,5), (3,6), (2,5), (1,4), (0,3), (1,2), (2,1), (3,1), (4,2), (5,3), (4,4), (3,5), (2,4), (1,3), (2,2), (3,2), (4,3), (3,4), (2,3)]
Figure 3[regular,BLUE]  finished: false move time: 16 | Travelled path: [(3,0), (4,1), (5,2), (6,3), (5,4), (4,5), (3,6), (2,5), (1,4), (0,3), (1,2), (2,1), (3,1), (4,2), (5,3), (4,4)]
Figure 4[flying,BLUE]  finished: true move time: 24 | Travelled path: [(3,0), (4,1), (5,2), (6,3), (5,4), (4,5), (3,6), (2,5), (1,4), (0,3), (1,2), (2,1), (3,1), (4,2), (5,3), (4,4), (3,5), (2,4), (1,3), (2,2), (3,2), (4,3), (3,4), (2,3)]
Player a [GREEN] 
Figure 5[regular,GREEN]  finished: true move time: 24 | Travelled path: [(3,0), (4,1), (5,2), (6,3), (5,4), (4,5), (3,6), (2,5), (1,4), (0,3), (1,2), (2,1), (3,1), (4,2), (5,3), (4,4), (3,5), (2,4), (1,3), (2,2), (3,2), (4,3), (3,4), (2,3)]
Figure 6[regular,GREEN]  finished: false move time: 11 | Travelled path: [(3,0), (4,1), (5,2), (6,3), (5,4), (4,5), (3,6), (2,5), (1,4), (0,3), (1,2)]
Figure 7[flying,GREEN]  finished: true move time: 24 | Travelled path: [(3,0), (4,1), (5,2), (6,3), (5,4), (4,5), (3,6), (2,5), (1,4), (0,3), (1,2), (2,1), (3,1), (4,2), (5,3), (4,4), (3,5), (2,4), (1,3), (2,2), (3,2), (4,3), (3,4), (2,3)]
Figure 8[fast,GREEN]  finished: false move time: 10 | Travelled path: [(3,0), (4,1), (5,2), (6,3), (5,4), (4,5), (3,6), (2,5), (1,4), (0,3)]
Game duration: 27