Player N [GREEN] 
Figure 1[fast,GREEN]  finished: false move time: 24 | Travelled path: [(3,0), (4,1), (5,2), (6,3), (5,4), (4,5), (3,6), (2,5), (1,4), (0,3), (1,2), (2,1), (3,1), (4,2), (5,3), (4,4), (3,5), (2,4), (1,3), (2,2), (3,2), (4,3), (3,4), (2,3)]
Figure 2[flying,GREEN]  finished: true move time: 24 | Travelled path: [(3,0), (4,1), (5,2), (6,3), (5,4), (4,5), (3,6), (2,5), (1,4), (0,3), (1,2), (2,1), (3,1), (4,2), (5,3), (4,4), (3,5), (2,4), (1,3), (2,2), (3,2), (4,3), (3,4), (2,3)]
Figure 3[flying,GREEN]  finished: true move time: 24 | Travelled path: [(3,0), (4,1), (5,2), (6,3), (5,4), (4,5), (3,6), (2,5), (1,4), (0,3), (1,2), (2,1), (3,1), (4,2), (5,3), (4,4), (3,5), (2,4), (1,3), (2,2), (3,2), (4,3), (3,4), (2,3)]
Figure 4[flying,GREEN]  finished: true move time: 24 | Travelled path: [(3,0), (4,1), (5,2), (6,3), (5,4), (4,5), (3,6), (2,5), (1,4), (0,3), (1,2), (2,1), (3,1), (4,2), (5,3), (4,4), (3,5), (2,4), (1,3), (2,2), (3,2), (4,3), (3,4), (2,3)]
Player a [YELLOW] 
Figure 5[flying,YELLOW]  finished: true move time: 24 | Travelled path: [(3,0), (4,1), (5,2), (6,3), (5,4), (4,5), (3,6), (2,5), (1,4), (0,3), (1,2), (2,1), (3,1), (4,2), (5,3), (4,4), (3,5), (2,4), (1,3), (2,2), (3,2), (4,3), (3,4), (2,3)]
Figure 6[flying,YELLOW]  finished: true move time: 24 | Travelled path: [(3,0), (4,1), (5,2), (6,3), (5,4), (4,5), (3,6), (2,5), (1,4), (0,3), (1,2), (2,1), (3,1), (4,2), (5,3), (4,4), (3,5), (2,4), (1,3), (2,2), (3,2), (4,3), (3,4), (2,3)]
Figure 7[regular,YELLOW]  finished: false move time: 14 | Travelled path: [(3,0), (4,1), (5,2), (6,3), (5,4), (4,5), (3,6), (2,5), (1,4), (0,3), (1,2), (2,1), (3,1), (4,2)]
Figure 8[regular,YELLOW]  finished: false move time: 1 | Travelled path: [(3,0)]
Game duration: 27